         -8.59899997711182          10.0670003890991          9.82100009918213
         -6.61399984359741          11.8739995956421          12.5480003356934
          1.23300004005432         -1.57400000095367          13.2950000762939
         -2.07599997520447         -3.38299989700317          13.8999996185303
         -3.66799998283386         -1.23500001430511          11.1770000457764
         -0.88400000333786          -2.2039999961853          8.81900024414062
         -1.51800000667572         -5.80299997329712           9.9069995880127
         -5.11399984359741         -5.11299991607666          8.89500045776367
         -4.14900016784668         -3.65499997138977          5.53499984741211
         -2.01999998092651         -6.62599992752075          4.48099994659424
         -4.51300001144409         -9.42199993133545          5.16699981689453
         -7.20699977874756         -7.23000001907349          3.58800005912781
         -5.51900005340576         -6.78399991989136         0.202999994158745