         -9.89200019836426           11.039999961853          9.77200031280518
         -7.35900020599365          12.5299997329712          12.2150001525879
         -6.05200004577637          1.70700001716614          14.1909999847412
         -7.04400014877319          -2.0000000000000          14.4879999160767
         -9.99600028991699         -1.80099999904633          12.0679998397827
         -7.76800012588501        -0.314999997615814          9.31599998474121
         -5.03999996185303         -2.92899990081787          9.72700023651123
         -7.81300020217896         -5.39699983596802          8.88500022888184
         -9.10000038146973         -3.53500008583069          5.84299993515015
         -5.56799983978271         -3.27600002288818          4.46799993515015
         -4.65100002288818         -6.90000009536743           4.8769998550415
          -8.0310001373291         -7.80800008773804           3.2409999370575
         -6.52500009536743         -6.82000017166138        -0.122000001370907